598.2531088271824 925.2635308526245 
1063.8557181522385 330.77778213246745 
467.03162354223 967.8645992967628 
715.2728216141073 467.58598815506497 
277.4591394004094 1268.2554089927905 
1303.0031402052505 1124.6077363246675 
853.9392008397218 1363.5481551173905 
659.0914849395076 424.90753530237555 
1428.954662271866 669.1302088447117 
944.1969369440076 335.6480351978995 
404.5261894880395 1410.4275878805952 
1411.3393789483193 961.9737550648174 
944.8099168155712 1077.971803091684 
1361.352860541252 881.8802801645662 
78.26503265252666 416.17252489438636 
1471.4901770684041 124.88690409526009 
245.59493625532969 775.0497869866517 
1209.3505532215627 218.77330725198763 
533.9811901374279 9.494690951729446 
1126.9579275373176 1226.0708801369394 
798.0763887372942 1098.3743988311055 
175.66840840717873 768.7921785735582 
476.8082872239252 1026.7792600225357 
179.8778077328707 178.27845408225505 
1088.5594795095724 430.58073408988764 
470.43839964655314 1240.3568214038137 
1185.798699061665 11.674466026323438 
955.2962938599331 406.0375148429629 
443.3533497271221 892.1690859855465 
949.8022158518854 1248.2800644784013 
525.2327343705301 320.05976073794926 
533.511207065974 41.23141020359955 
1450.0805371072402 1130.6808428693948 
194.96478043503208 289.1407217942503 
1050.5164269732786 1258.396350017993 
1097.631937039573 548.6837060973826 
1122.1943805145056 563.7157812753632 
857.1853766813601 1000.0622629091017 
753.0076879830993 551.8870357001307 
530.8398933160342 1270.0356395004471 
1229.4529805610027 1190.7105628563013 
839.7729722925561 426.23892051749243 
477.07487344030955 1336.9598057822918 
1113.4419600074423 910.5402692310124 
968.6746630555589 782.2534201145738 
1127.805987622842 1444.2750150574911 
78.37846871006504 416.84055049666927 
235.98914756564332 1474.7899063436353 
1476.602927353442 1469.267258567796 
895.5729034108113 171.1846686993621 
1383.4219413242542 1197.3059547570188 
518.1613382224223 1299.4971365757108 
755.4973446071957 874.0406763139881 
761.2402376771096 116.27034661689284 
137.87758248409554 799.3261959015209 
282.4496823834315 129.520512179092 
513.4955027579808 384.34301707232987 
159.30605022403805 234.85514605223295 
1381.947334873848 917.8308582475729 
295.2154213374643 930.5875854750301 
342.9632429885753 70.7060488204479 
275.2823760969905 990.8221215773625 
228.16128446725682 1492.4942731897102 
894.1626852604402 1386.4487314815167 
610.768488523014 1181.2446914864286 
1207.4233935742834 942.2753716845141 
150.84406053851473 1445.3153751012042 
315.2056533660764 558.2677425052105 
350.03362112513685 352.91537314111304 
441.97223669679755 797.841434354018 
1289.9125514962632 849.5954021652645 
606.1217180899183 183.2366502249061 
1277.9014423864448 1180.2882473273803 
688.1504364754873 510.97309124329547 
294.5549968059164 988.6581037654282 
125.71903675308404 1191.7546564706836 
1323.187712628695 725.6353850326182 
1244.7971011323962 983.9651099756709 
153.99934384898634 719.0437205297926 
272.94288563732476 175.0774090300693 
744.880158130368 732.5191637654841 
716.300281636099 1300.620995281897 
1140.802447968171 773.2004553630383 
221.56703002930516 380.8331890071316 
563.3031489903034 849.1649562812178 
89.4859550292677 1059.014116090245 
600.9348729136617 341.67282832444795 
880.821579064409 296.57600592824554 
1156.9813844672226 814.7746449518996 
1457.5651039317715 239.05852379063796 
621.7836341491111 1272.4667667534786 
669.8086337719194 63.603747846502635 
870.4444422710486 103.43251019802175 
811.8012399250601 220.99469958043704 
1178.4157070537053 360.16533152011607 
523.4971072816345 57.855497782059395 
744.7048933744464 152.70165968928185 
197.33162765754554 444.2230446369476 
1059.1935402584622 1021.5008293112016 
367.39004861976264 1020.2473277907701 
926.1829372706017 617.3929435172886 
679.2963285868344 1444.4944587150583 
691.5125142314938 767.964776506496 
550.5043102866346 967.8764632583299 
518.8956952762929 1009.4010743152627 
448.4117640056527 735.3461888962394 
1334.2644982330555 690.2627552589022 
741.802978307343 1479.0173526398733 
625.2676863195916 259.1651826079911 
223.9347209017224 425.17158210314824 
1304.6804897893937 887.4524535118311 
909.5778937111199 1150.3441324938658 
471.3546419931055 1478.0346930154828 
695.4860182147908 1331.865943039972 
1327.1792073641961 508.67867453144055 
523.1880860017628 602.8141442296353 
1086.1093989085973 347.2320074826326 
1403.1570672949852 380.4093333551671 
616.5940077500313 995.0249286851653 
1436.3960799876818 1234.902044795275 
1499.448641892649 494.4818745788294 
445.51673046360673 1105.503636859474 
848.4275637093584 243.37090696242964 
945.1118444240739 1063.6376116517388 
1198.2597633274759 1416.5408920979137 
782.6848873492278 1228.0881029797242 
774.2540809765362 1315.4396789652192 
298.5129112113002 1135.2460865128903 
1030.8003166584365 156.90721211085008 
632.9051531308049 447.35407298548375 
209.1477893278193 710.3145154981818 
1051.284347285446 681.1592537473924 
560.105992620122 1428.8117201558532 
525.8108056632441 111.93860576176873 
596.5071610854143 514.8706497794988 
1163.050930236156 700.3349128488748 
1323.4142065848837 1214.7784167031648 
630.5735340235831 1103.1706303480828 
893.1808098252512 1286.0955562363406 
809.0085404569538 627.5220142201879 
354.24713907751556 719.5872205285788 
928.5506777024149 334.8354735491106 
66.64665975606854 1076.440526058323 
569.1799684612222 1096.4857524384515 
604.8463074663039 1314.245736617667 
402.3689494156446 791.3335115136106 
173.82464333779208 163.68517504600638 
1007.5248623074268 531.6116108593556 
313.3984169983222 76.572077614043 
1019.2606713092206 1035.4398724838284 
476.72833956580854 1485.8986739729226 
648.9146338274373 1037.1632985915542 
44.59041971816791 1091.946512442322 
1416.9974612736191 333.1906599320369 
936.2968215786655 1371.8678616555628 
640.298671844435 232.55184121358462 
750.3040437220009 1031.8295719995788 
1253.7296108311134 1278.588862275879 
1297.331750093674 227.92672960892313 
1011.9397706065838 1005.0658279117638 
754.925936938188 1337.6167271989284 
1422.8321557378167 101.93778113371832 
655.8317925277225 1351.7554720687456 
249.1121684051179 432.9873674667866 
382.15778536040557 800.0259893980663 
969.930021294051 604.0629667635067 
647.0180681044386 386.8951233777878 
461.44264912676084 783.8300729156034 
442.5654712022036 369.7938868472631 
1298.8268409012514 995.0917594715143 
212.54288934788661 229.08839907683114 
508.1871613862439 186.63491780086284 
985.6868333191444 248.19690940686706 
578.2690450495058 1381.4851633909343 
1215.6509803893082 1226.7279323272694 
1293.7915638443562 585.6527717128349 
1226.827632079584 432.97027091311253 
805.8449702903386 343.88606307842343 
552.0488632274786 1228.7395389431715 
551.3959774904287 1295.3382376449943 
1050.8275930773696 722.0785264228568 
3.1220071119717474 480.9370886711558 
242.24827936921562 589.9610705306299 
1293.7786689858228 32.471914822994385 
703.7740834633752 210.49627077799295 
470.05154895337444 72.20786573487197 
473.2539892343167 1289.8343806628732 
465.14344771081153 765.2445389656349 
1224.2019071632355 277.7476847196296 
1142.8432485925366 274.6356723623529 
1171.1841970559756 223.68815177822182 
471.4070167140928 295.004398262929 
1089.2936741511644 1420.3115886346834 
410.056404840437 998.1234899693707 
652.270305265042 30.760186088947762 
1196.9354110287113 978.7022824185894 
1284.1464553946282 1350.93534975336 
135.46127100231837 1167.5295296518875 
1465.5856865509584 930.2749123514338 
49.787650803905294 1110.8040297455689 
641.8809410121635 718.4687338700197 
842.8358858003371 242.4028358550096 
400.05347737939417 804.6990243368009 
214.23187254102749 1307.7184298032635 
57.780398008467685 564.6118092340942 
1048.2800170321286 1382.818923877655 
475.9478936823436 620.440925996926 
9.053778951336522 517.680065159276 
966.1020228378147 1063.5737405001216 
268.9048296462873 47.065278277306945 
1175.3709702820347 1414.472067121345 
405.8440843724751 997.3672141173262 
927.6938246266975 780.9981289530718 
986.5126988287684 1309.351784811873 
0.21779240484859352 1094.1426059951557 
200.89845995048577 1452.6274427257138 
914.6223077607824 1089.625188451621 
491.90252053274213 436.1879810991945 
959.4480070017353 1260.7416344454482 
527.1715581038977 2.3683986730849704 
1042.7200027230676 352.9182626260072 
1403.8058790833845 1473.0564108728172 
385.7521831723377 1324.7591058613948 
269.50628751706927 1377.7113578025026 
722.3130868212676 1242.5161697012607 
697.1483016948703 216.4520982418739 
1448.7306355390135 1309.483584712485 
951.9778789519173 944.6063119242333 
1175.204171480891 740.9090572320765 
141.0692577547878 1479.180702873584 
1464.6218163644608 235.78215420080113 
1093.3891418718135 586.4978453372038 
74.31531159269406 253.16789172840743 
103.24454313482472 778.9098842179031 
899.218260684332 404.5718761784438 
1444.0621552461948 558.2011847732493 
1063.9068462927546 123.86529847847855 
7.949467279284084 385.54063223171494 
126.72373321105646 63.584007772322536 
195.36428004543427 1054.5168689228817 
992.2864437121051 278.75693647314233 
143.04681546678194 474.17663668778505 
61.69288539242912 854.5644861791197 
66.86626209433427 1304.4624702527328 
654.2449109041748 1176.3571009982986 
697.0571269552313 178.91136086426678 
153.257158088345 823.3345982602667 
1061.553007667766 813.9238226241683 
1207.0783068372987 518.7754171712527 
129.36014862593836 443.7344011807906 
1370.0143370900714 1386.6740400116464 
753.4384237341025 824.1771006188512 
1075.5883165841417 717.2851148696009 
171.5254365589744 554.8654412891962 
829.0823072856956 1284.4824640772358 
267.41376332872625 349.8526156335407 
664.7442303749066 649.151529656188 
373.0726956480488 238.985861180677 
1121.747686843714 332.5623512877742 
1194.290066257201 13.692614713273821 
416.4174151285465 865.870339575325 
1095.8324431295425 1002.0576382896808 
1229.1374068828613 514.6626827127171 
821.9400572278549 654.6946803949792 
792.0232250413198 336.7229105190661 
815.517052242889 252.3554272822811 
1191.4595155242262 1144.9747346463573 
1325.0950538284294 40.63764166017103 
1498.6410167297186 1473.5859498210432 
886.5951960185499 319.03982250571164 
1310.7835010531796 1336.5457652760556 
863.0591362233142 874.6234805887451 
849.7581481283881 497.21075935369237 
735.2680964143109 1262.4514763958077 
1332.337449619049 910.7586580134956 
1224.5582625572695 925.5431453662114 
599.772682497222 667.128932442061 
1155.273250600554 77.82966068814484 
476.4395877013339 784.1768314068253 
1035.4560106947838 268.2159071043428 
1222.7882451451735 263.22298028757166 
743.4889435004053 543.0363047457413 
716.1508995074516 1021.3043305671068 
1318.3632321246237 1309.7600095777223 
1054.3096733364825 1125.420491152142 
125.77302707730308 1437.755054554373 
329.1291229318768 357.3616625268086 
1033.2329024283947 439.73160101495404 
1309.8627099005096 1420.7157469566757 
726.6927889087175 1227.7930509721705 
1119.3914889467726 218.37126196023272 
609.3564741885795 1056.6036384246565 
983.6244667506497 557.023917069571 
1412.3310935604475 265.0514680303802 
1132.7057284530915 1244.9551803560528 
207.29420727427754 1168.50218649731 
783.2233788529649 149.5994269953203 
800.7614772180502 1491.850941090114 
463.2406080217713 542.5663074283061 
1220.4329391837907 619.6057399139361 
1224.312758228692 312.6406233080438 
962.8097832694033 596.4523420961368 
384.625927550545 10.926389500753753 
1375.346689182858 1140.674855332089 
15.6170505764765 1232.1972706672955 
89.03942146106769 1022.4073311054055 
321.06264724277867 378.5504957156413 
1173.0511768870078 184.61811844020897 
1305.0371845672153 562.4322609648277 
1300.3030605294582 630.9588450819017 
1102.3153224201228 1448.5894048825555 
839.9930364385663 935.7982209132788 
346.47851489943133 596.1370642045788 
7.765634334878369 159.12089541615114 
1257.544391454761 215.7386429395315 
820.6806668652794 34.887937717195726 
455.50430054365364 1452.3999111256467 
450.08100733316616 969.9736538203529 
251.03416930417842 1192.6127474233465 
666.4049117163172 30.128314029321647 
1085.1619210977856 535.4058319713982 
487.05418967187524 450.9716594146639 
509.74163019723227 695.1925168222696 
478.5237397333244 1334.9532174072049 
672.2570260901846 266.763137714938 
665.781807338782 0.9929731299555544 
1431.3785750179234 1056.0122360292012 
3.2355791103870213 538.549802000017 
1425.5003432441079 831.7116108693774 
1095.9908745334467 0.05479548219000652 
784.4986549602884 239.04198534255295 
961.7913426487261 825.462337732695 
822.5865561151002 1257.1694235419343 
333.2386138346319 51.3115466759822 
936.2810716967116 543.2210228385553 
211.6521593224855 1339.1719512983036 
1351.7369347259648 913.8390646280791 
1285.5073327353841 835.0635772501582 
575.3164610272445 960.4132451936285 
948.3498675977543 702.580079191288 
679.7054726231926 395.5692323572044 
377.80041280912593 863.5322325796536 
1210.0017648677338 1496.32170265581 
580.3253933046477 150.36493475193907 
513.6143074836541 912.0081124622643 
1387.164736016651 1149.3797878115251 
609.7534540713883 1240.0744305979451 
15.552426749791238 1327.752808879507 
782.1155238508611 301.00703318067036 
1481.5535433118152 217.95581086806536 
603.7527212493846 776.7927895349818 
945.1749532183435 1328.9258905600232 
1169.2664472652627 889.6783621529169 
1475.347881423206 775.9618442510804 
671.40714535129 1424.0225839620402 
341.7572444630491 1192.166353733387 
62.3427659359595 26.138816387171804 
1082.195302118631 1000.0136586283302 
138.2488156463238 152.2178766445847 
1260.5957488558943 1314.066759788338 
333.02730373916904 20.532719348810737 
188.9055515166111 803.1854257881249 
847.9049084321241 787.9154282863891 
82.5608984966399 155.85015533578323 
454.40030801774924 1092.9612755807743 
454.27944287391136 417.1293927131343 
1214.6558509729275 1182.7403131057054 
67.33960792371374 973.682550778685 
740.4108483395607 719.5281938163313 
763.7733199025913 826.7952035818881 
704.6294097416044 189.77915686535852 
936.1665420569327 1278.411058353861 
309.48352445895995 1392.591546199328 
897.7823631338283 996.7632948904159 
1311.8627436042564 1157.686544309073 
1437.9660154708354 30.632970551431992 
1446.3563445366553 1317.518821822676 
1430.3758378887728 133.33489679935383 
655.0828742516758 329.5014177395892 
1079.4402076653507 417.94660694696205 
1266.4715002692192 114.30682985505226 
277.5342060185079 1498.1220307855458 
1137.6088832343285 1311.2549620300665 
748.8435337614179 385.4235470141079 
730.2884081864935 717.938790005684 
775.1947081173971 779.8043130865487 
288.83684816544326 1057.0695648507449 
810.1543032678371 819.822161924706 
637.0772782053716 708.5543044811639 
1148.9297062778055 736.2420505146805 
886.9796515689823 1129.9245920855444 
2.596269496903947 1243.5221013857483 
287.30975654427647 376.81477956841775 
417.35384903766476 871.5074370145858 
898.0723258179944 303.4880288952889 
1071.2828518155375 1362.6701728580567 
679.532143301683 481.3995457185225 
1378.8359713046289 310.2173750220588 
414.9119220736379 906.7843809100748 
1010.1154920692873 1188.9244264162908 
1043.1789692408486 1133.2018913534985 
1361.9995306868555 874.0617240293618 
1420.6980190385361 1216.9327124543486 
424.61845891820496 1092.0917271589944 
340.9906447334573 1181.5304267406377 
727.2269993507774 1056.8678323534405 
128.13588186202102 354.1924129607356 
1264.4773149266684 400.8690728460823 
32.72377895554535 582.2577467541573 
1396.4874598544125 1471.0058058300149 
652.3385404929055 1327.2717061820658 
925.8024512238874 83.7637565781289 
1101.9259319633502 558.187648634527 
727.5656750237761 1204.7626689533502 
957.0622172302701 1072.6654565420945 
875.0118141749173 1360.800576797525 
435.0329708461981 1395.6757508696744 
1377.9485778268142 1051.634432706564 
768.0033949391513 482.3811670239898 
899.7168873806784 968.8748772757411 
1443.6122737121505 534.2885115933544 
895.8547431082486 723.423064000992 
1032.7806488273511 711.5191675728154 
1400.526009536447 1074.8987705261297 
815.0485919859295 1043.3478596013895 
704.1495588171678 384.69193813227156 
1247.9779256029228 1460.7786795807233 
730.6049049624239 348.4487937711648 
1317.1426540113296 851.74826255323 
697.7719069910413 1281.9897344609626 
1010.7546548038515 586.5860743346803 
1205.330535300972 251.44694996873972 
973.3202467423475 899.6486197180257 
543.0414366123672 42.596241809929495 
1269.7282546664883 696.0930612356711 
1439.6760416196726 598.3841076507236 
1114.0292497709127 1265.222957621144 
1079.212273453729 413.03866900923566 
39.09012763741809 91.6265415476366 
1128.99125111795 2.056041497597638 
821.2104600643509 441.27441066093917 
33.41246975011464 60.33539397869825 
221.5778419362484 431.3503786808022 
269.82137755025394 1054.0754361892677 
913.0647789976467 1309.5419351109172 
860.4593206698529 997.9741904544751 
614.4479051248593 970.5514773174967 
887.9527723687803 168.94664158998663 
121.0193726294726 1107.875503906383 
719.3691490116123 390.7655091006668 
402.32562875095994 1266.5102223510062 
356.68281780106304 337.81233097901816 
1322.702583763846 388.68312047841334 
1261.059165292037 1281.4582439386165 
247.8371559434014 879.0617527309092 
484.86226314368275 1477.6684101415333 
485.5531475696098 653.1881597041704 
303.7582150587781 337.3859857844148 
775.6142565449146 917.8600471427073 
916.777978618344 431.6233996703919 
1355.1154481075698 1496.5060586812936 
684.3519372749687 847.9574977093636 
842.2037500128096 1363.3967176368187 
1163.3505892380801 1335.3173019060753 
855.0884345651981 678.7902434265245 
619.1155473459428 80.98964205453623 
437.7821270575149 483.4509638380682 
1079.7528846981133 1346.0669929396836 
516.6615496335972 1152.1883213619635 
823.6427820149007 1080.6804249833629 
1270.5319697894013 1271.5426092865423 
1149.9070012622724 461.590551558012 
1284.8795883921305 1299.581614380701 
99.14314026383647 1365.600481444416 
534.2909531963402 395.56085435133167 
1209.74384604866 890.6005606932239 
842.4278236380774 664.0038144285871 
1005.144476394714 1499.9726105800808 
162.61333846226194 1484.7748873029752 
1106.8562087586245 1493.6656934455598 
1340.2545581481813 108.59842741796093 
34.20478030720614 679.5582193800692 
1446.1352690408758 797.8674666658219 
1196.6571491298832 896.1550899652237 
243.35146868872116 836.329600354926 
134.89890198267923 570.4232700424816 
1474.4956212463721 1034.2083314996564 
949.0161260795634 1496.3971454288742 
79.26924278102804 1087.6299067533455 
320.9411317296329 1129.0765600381503 
831.5795218418045 470.07912447400787 
368.2692304230179 955.4153166097663 
1436.0461935564601 920.6425856476988 
580.4923859298586 1275.7477887986336 
611.7177542890265 930.6802104448042 
666.8745171723597 1087.7010942473582 
23.438854033368095 784.3819948450296 
1480.8351669299066 341.62853533089805 
416.50997155991803 828.1587250443561 
1030.8768249215361 250.2917135092142 
632.2539873699485 885.2465877036506 
8.065693505341198 891.0035828048782 
844.615770530848 214.44340974127664 
1106.658536832303 47.85786676324605 
975.1028485710864 195.4028280623103 
1367.2481719489526 1493.0054904874569 
1021.4491678914733 744.9612584580594 
1480.190172046782 1380.7350722390293 
520.3414897926203 220.11956122351523 
1.3113028133626137 913.1145911356126 
44.29854782146286 105.69619249317486 
1303.7013084549435 684.5685998075202 
644.3015329956509 1249.439037697948 
1110.090498609289 1229.8278928776801 
329.5269142036989 387.94811461865737 
1031.2559893608543 1354.7628470081863 
1270.9416023022231 1180.1367590852544 
1389.075644203764 712.5280894394392 
468.01136022312846 99.0242655455067 
1114.2019930490221 940.7844861961141 
1084.026867832833 543.7097650024717 
1296.8618222812247 1419.1912858416686 
243.57365538540682 601.3516985811045 
1116.8754515412227 135.58782232178675 
1312.2983429303515 1108.8518276561545 
485.2343024433468 1412.5171992986627 
1296.781975475793 1496.237832696346 
895.3150903049487 1351.855027466285 
320.08176689251707 125.23932519416675 
596.5262373504906 293.62349535929013 
73.19241637857793 1289.9355301704502 
741.2841534980979 1074.6015212483633 
1012.8523848681992 751.674399719936 
383.8868285568537 150.05890236600516 
213.36077467615476 552.617528156963 
32.77149972562088 351.0205791257568 
356.7278018945952 1107.8471574642704 
1333.0636869908924 401.3375392339698 
629.1674220898235 1351.3825434501646 
897.3832390256488 627.9106701681109 
729.2498323468938 1210.6303166166033 
759.4723935449437 1334.4101175791884 
281.4928780114842 1092.5128026757416 
534.5714094678328 613.8571887256612 
129.25530515547285 419.86648200752586 
593.1166619073605 446.93126094123687 
1467.80700556936 1379.1145065679693 
1394.2101022646518 626.2451069139623 
496.7353644308768 854.5281053389956 
1196.870170798697 411.5862638348488 
1424.7185715726255 101.12793953831512 
501.0646786357122 505.2899097358684 
679.2558142201045 1295.5765887797272 
622.6561898572671 398.17526652130965 
1072.0815439219093 14.57557895257844 
145.02382745758453 1326.6288457351545 
208.87458652315556 142.75411725106486 
808.9865616818261 1468.897466897908 
1282.181382757048 819.4344490916479 
1022.2458757312908 522.8794985280736 
743.1459811481317 309.1938016005219 
961.9000496592788 138.20522295432212 
369.34234474443736 1263.829351559837 
897.3662103430498 402.75846926132056 
1197.407638109996 33.91866073047745 
1382.8879157797066 847.160940206077 
722.3377133174375 518.2031202944365 
1277.4426929031652 358.57600821153704 
1405.767963205674 647.3033120684491 
114.02170858609983 1065.1734442601626 
537.7761474311288 484.73715006028493 
1440.1630020015784 893.0838669954376 
1410.3045328958926 877.8263941088809 
52.55731754408421 1252.0584071010742 
1024.1118072637644 1196.0138520827386 
534.3639334889416 1246.602256149515 
1166.8132518215798 855.029646956028 
307.9885871037305 380.46917492678625 
88.08909145131794 1445.4209079204204 
612.8971900310127 965.0889718157366 
393.10439849569053 989.8148033722168 
749.1341297134846 280.6675803694513 
656.9231576631078 1012.074104885814 
250.85233853483396 385.54652685252654 
1349.6938372644674 350.87727221798957 
1285.6522793628224 882.1574471208357 
159.7201399993931 631.1189200131237 
949.8036728245302 1238.0376055559236 
634.438727187449 1046.7367421114789 
505.3318521209828 289.0806333570392 
1208.7119227423507 284.93942477970245 
670.8265019515048 1016.0648505227002 
1433.6150693641246 580.415818342547 
958.6800293890172 1004.8085650426437 
441.8086384003242 1261.443710409774 
852.3937603930495 1039.256407311805 
1437.5222696613953 1103.5353933431647 
16.70803258748499 969.9249152857143 
1476.684424892451 1.228739420510605 
797.8268829858544 869.3114643879055 
1086.9966230487496 465.0012298290848 
1049.5569023499047 671.8113597498818 
1067.8533735644412 345.71791641112543 
1285.2797729090482 638.3837638340931 
1458.4593855356609 59.56906170499621 
10.96471073844535 469.998212375044 
781.5001314412937 1115.1205070581473 
65.84958555883303 617.5618345152621 
398.00751964683633 461.6860289404292 
148.62965864725126 852.6342332453958 
745.9206641045982 586.2120658103424 
1406.0030236499126 701.3245253250294 
723.9916729035999 1164.8030113561492 
1389.7543951294454 364.0586005718985 
1218.1914199703208 496.479801229432 
1344.2555774303428 1413.7578319844683 
1038.9840568301272 660.8128540960737 
28.136125537312985 762.1809771008088 
30.626628827566616 324.7223257323819 
578.3738900285052 758.0678485871352 
65.41676644842242 758.1687769321999 
1163.272452813123 884.8751321145883 
512.9655805368163 306.781290478419 
1091.8462146223017 358.93267481321806 
1297.946927171591 346.9942557886272 
1211.5562807270535 1096.0736810702408 
27.93729736574313 1193.7074108025279 
242.0684139515652 1272.7588577573965 
903.7421638054028 1133.2131062761698 
548.9764151717914 1202.3080040789596 
1096.496143171935 364.3147064871746 
1161.0006309678538 1225.182152126978 
657.7477902694565 1103.3264096596276 
461.0647047845712 359.84415185265146 
379.0185375778956 671.6588510661672 
186.51485731814105 422.08412965935617 
226.13904886833143 1479.820430021164 
697.3497172495705 496.2202760202586 
219.4342534105894 268.8599099597973 
528.2388409178906 840.2724459926217 
1158.7761576419664 688.7321679026478 
873.5212675964495 1012.0444537355614 
703.6433551524161 1332.2366008503002 
100.15844185365808 1471.0787343236482 
491.1684417862646 230.02612650094866 
178.54202186257578 1419.742745946234 
375.846514705602 626.5300244268678 
108.3385114928806 292.8095286551388 
203.95035098018676 892.166442580244 
836.0421691015089 910.0615299652376 
961.3750413315494 1231.6012150886888 
1361.4427488588626 896.2414376475841 
675.4708184152572 205.63033378641504 
585.681240467105 1116.1478103763538 
1435.2639570526148 1352.376309047168 
1435.3288900346233 372.59173034195794 
377.95010306551677 1399.8959398413658 
205.57135511972342 1265.5461593814766 
150.79329254300106 91.67225919859074 
995.0238478580246 778.3165339403353 
640.1732414816379 740.7557082626796 
595.0521690695793 297.1619887356991 
585.1528624082921 1284.5423845441508 
1282.1875276593232 320.0971799295797 
1294.1693821476017 765.1064384110671 
91.0833727167154 137.52718674177865 
1098.7879912413312 1259.0855514466537 
1430.788932256647 42.85001946432326 
596.8967427717341 1236.3383686593593 
932.6255123382474 967.86045077396 
1215.7065813020176 624.5861824484973 
422.90344590852425 784.8025741446302 
781.0293434497025 1196.8197303328373 
738.9348307681877 157.31543624503885 
743.931143891419 36.853033585561526 
876.6631676084577 328.95608806297236 
821.0190192912628 1080.6239914723717 
878.5405839370295 640.7924725738227 
222.79452167741155 1496.492949968969 
767.0841166594599 411.6547283942095 
1430.1610617645108 64.57984565598568 
1032.2528275992038 1475.0248051791527 
329.65584806606705 602.7797466248139 
225.92287847878555 1095.4514917640406 
373.4311762046605 959.8290658377522 
632.8071503667734 223.97422233821052 
1249.312060769589 1340.7863711641317 
370.32314034313333 263.49137517995314 
581.532591705219 201.24923124185236 
447.2258202651818 406.9973564461821 
1413.322689705455 542.4771211117977 
163.17975556909852 84.28705056863467 
1209.2085876990084 609.108798803786 
1236.6391233395163 694.061712958553 
1191.2405942212115 631.5336753840584 
695.683334801548 169.7459958155596 
755.7734969104147 894.4849469793278 
462.6231465015341 1428.242422177741 
524.8102096215139 1329.105703023048 
986.2618322066431 95.29521516449368 
478.18046481722473 1308.258583378304 
528.4016212324015 1140.9028781738969 
281.33853479654186 1416.1407084739028 
763.8032091380662 361.76408197472495 
438.66248431108374 1090.7399368845568 
1101.6249746997707 1046.1810704609147 
286.33462464599364 853.4775170922444 
509.65717535164885 214.64490123683134 
323.0351028287283 519.0304179224536 
65.07956419369165 758.6628234687087 
296.92281186896156 1371.0690385363073 
406.7848754750662 644.3922028203173 
103.05221503226308 1488.816488927219 
694.2385012637071 541.6936512200701 
29.40560190492203 287.7802984795822 
1198.5978487983248 1207.5894726752542 
112.71508348363851 1450.0565455307012 
1427.3425644111098 1221.662522192483 
1336.013553601661 271.20584850419857 
122.87035852707979 419.20346338341 
1179.9958217684643 902.6289091952905 
1210.4819798580083 364.01798611774757 
411.9252799719459 150.12058489803727 
1218.556907834522 983.8269472838164 
1079.3379400649055 651.3848309303867 
1206.633077311547 1163.4047560805504 
1396.9364607907892 244.8766262195312 
1037.1156571195204 296.524371864361 
1474.3453309774316 1229.495772528276 
270.60740046398445 355.57133371703907 
1231.4032865830166 762.6842539796327 
1314.9736759961772 645.0026369061633 
102.04717719457234 747.14652338616 
51.423214583957325 369.8556973858057 
1241.3717499221632 1001.5590144577 
790.7482389925208 1304.0805617784533 
231.05724876476395 181.06182114580443 
526.8598323023302 1493.5120935502164 
586.5085890204346 377.33816880532197 
341.52433635854123 1095.2683080882446 
98.29683692940921 351.7606705425026 
290.8211854253128 835.0727516110413 
284.76734306818935 913.2095445872078 
118.49717266177522 935.2606755148555 
522.5539262079923 330.166379361358 
619.9301638879292 309.13895677217806 
1119.6994788800841 890.5524066521292 
360.15045945825375 200.59076237897395 
996.0613699072909 1204.380839646885 
689.2002662343642 731.2399216288028 
1375.5826468221687 1109.9974910209544 
90.12872776134002 255.67583721938513 
608.4216115588767 858.7655661474234 
1433.2074276723602 1444.2298116187822 
6.925529330162272 396.9991065806624 
287.80198029208907 1312.4550803196983 
569.7044637901375 625.5901680791673 
823.9971253487533 824.5973963795537 
1078.131251412425 306.3494001656079 
742.4806155071471 879.8702291276792 
214.10124130036158 89.17828185334974 
810.0657849330272 751.6585299957193 
1373.4142869621046 44.98543616492412 
636.5056136625461 1269.7543286902426 
193.00945105429608 489.39621479189725 
1297.555909530347 745.9089871295573 
1343.2078017499105 67.44318898883184 
585.921775748657 1014.6037069688965 
674.2420118921236 840.6142832789826 
108.14484448781892 822.3623281886431 
1378.6872907238142 82.32869412247918 
1284.1220925176117 1275.4125329106093 
1195.925483645124 1157.723350360991 
202.6289569021456 466.5543517589253 
721.2168325101421 613.0208394296158 
1100.7896526376992 1472.4198707787575 
1113.320717941608 372.99624284466836 
1462.6116427082288 1124.7864270542243 
407.1217004776453 1020.6717943594697 
37.4877995838635 308.27965831328146 
49.66207897957675 1256.6171190946136 
132.8671043840538 664.2723400837159 
1282.3463487118593 1259.0065378269287 
971.5442042991679 465.0292956565469 
1288.01246451445 1415.586494484226 
976.3625428048359 1322.996415271333 
103.21991889844328 135.01679812251626 
1302.867196928018 1121.9532813434632 
1013.0973758564246 1376.693804185707 
1197.2877888369087 564.8864063195817 
1074.6647521588754 795.753562680514 
654.3328672884649 1348.9785611809834 
531.2657453170713 1228.3283972490003 
455.6565883824557 237.89302095170217 
24.784256840930052 416.84772127949094 
418.40244338750955 1291.889348618181 
371.6287177379978 1105.9317563892544 
1010.8581406886461 236.0065071541978 
1287.1011521215378 912.8250381481996 
435.54383086324555 734.8178551685703 
474.23094512805125 1064.1422659191985 
55.544784716018036 1212.368860945013 
1372.5658604610016 257.8235597218382 
903.6113430275149 949.3550799647221 
144.82876418156647 526.8630457518274 
755.8054269637995 480.8374611230526 
342.3181533755607 161.2181316826762 
565.7575687222601 1056.8748103173405 
157.52095133875403 428.3174680972446 
335.0696870472703 441.1625632350788 
1087.6534665131028 1186.1136584874996 
486.7218922046871 55.743332960306034 
1240.6614346759509 1378.2963976075084 
967.8525294599768 622.1173050962566 
1160.309495220403 1435.7067405069356 
1132.7635270933804 686.093771760593 
435.47687046728157 344.0856464178692 
1152.7020374484048 748.7205329981269 
1345.682243900431 862.3678198792911 
1039.6960614924224 1417.2307311915476 
790.1763570822766 1291.3323477815718 
15.559195137289205 863.6790219767461 
1456.4404801522373 937.37487892836 
234.97776774092122 938.6401248663548 
1249.5306468101348 342.7752781583484 
750.2254409792266 1328.1228522571932 
814.2301821801788 613.7687652480961 
394.50599918628524 2.5135030430893934 
376.4007185452936 468.82526942963375 
67.63194850774207 884.7379206599854 
995.4120932732266 383.31768652452087 
1294.8854073240984 1434.7914331312215 
728.7651147324367 1026.1873894593696 
1233.9906741892926 1379.5555098261461 
1479.4035683257734 1246.401414958805 
1071.5206688685903 935.1743493072421 
984.3159799540772 1410.2401406586073 
333.3793223834721 1453.5922073480028 
219.2646928190929 380.63302020866627 
710.7018096672534 1169.2880625004175 
1143.80845781954 184.17741851382192 
813.7063730555258 1139.7860193700196 
558.3573137988665 627.6351159347447 
1013.4272732834521 638.2579398042968 
1046.8399074321935 99.21990737798131 
1095.6093220399416 111.17323467623375 
570.2840458814931 90.39369611412124 
238.7799755761053 1447.384771317653 
1407.8730044899883 631.3107275992272 
1341.2364591898397 1429.5734025190177 
336.6922750821373 960.0023878147297 
1090.556740352664 460.6570631415054 
1416.5104323442058 1396.8010428898435 
1060.570448135447 568.3256069704019 
643.548727512568 166.8331321184992 
412.60382847987415 239.619374222351 
881.988636947265 1255.7236184937813 
711.768188918292 1062.8499340383817 
50.770343579912726 1045.4459310523469 
505.3710270680272 13.27421333719947 
1369.981051219587 676.9160039613579 
613.2576075320902 954.1560468165349 
1195.419052763223 1239.0069760124984 
657.3780628119607 777.3712701901427 
400.7730957123551 484.9347760202242 
819.0134195039059 1392.8338441018013 
680.0850340966 1030.037731947755 
1062.1211218959183 820.5435861646679 
1203.319232298727 181.16034759367412 
721.6394109911372 593.7201797937515 
1092.1075183492026 1071.133950134798 
139.40942566161186 1122.70945999745 
738.3931041204795 745.7578761892946 
1390.596149221478 1294.4790857977405 
905.8024922088574 881.7711596707513 
450.2103753226769 503.12724348775293 
142.53633574561314 1471.9444434604065 
1168.4565893751326 504.9118531474629 
954.594538856536 1218.4761069944896 
1414.4310820136125 333.027075517322 
102.61805020526549 8.460256285297286 
142.76724436409827 752.1826437201743 
1400.9157504857176 533.8179912698802 
10.555033461622509 1187.0216907380582 
1063.4068411472722 160.55542856896716 
451.3869729187042 1193.9688225266423 
683.0495723275745 939.3364084299492 
1108.2354817688906 486.34551995874745 
423.86983637514476 1003.501419298871 
385.0561072348139 1075.5734498663421 
1151.5403395130097 631.6091863356512 
377.6500201747667 688.3916061811811 
1079.7372873507602 1415.4847972237617 
294.04624769703156 1111.3503811619119 
1409.5094904222656 570.4173276175591 
185.61107365325125 464.47991882678787 
1057.9272621751354 1296.9630766732294 
1350.043089864737 554.3489679396562 
881.4120061155929 644.6487189810686 
589.0927630792751 1163.1451734023733 
139.71551731839747 557.0126346417245 
16.703543935598976 847.9307913626393 
1215.8932360072426 109.85858568198626 
850.8592609509778 441.25235729966664 
1069.8881226204135 1433.3672596835145 
790.6493167140825 773.8855791243574 
756.7443486386669 7.840603911397626 
1.9006508505522435 727.1064086270914 
1258.9867944559624 944.3850128562303 
451.52919501812346 244.2956509743343 
1124.8637776057983 513.178191156435 
1146.6645334751572 9.722887579857787 
703.10482143514 1013.8656631417422 
400.72313370474683 593.9179103199787 
136.5521790174964 774.4569767820385 
1455.9790829156514 1237.8275517104955 
755.795958323011 1303.4340468531109 
86.0693913873865 470.2314800612951 
15.423939055168812 893.5942102654354 
118.26046671822743 422.02395788476485 
1154.8638468948473 94.10983768082093 
1475.2534904633012 1033.7839690226447 
787.1510610652023 335.95725556430534 
144.2399431239465 298.10382556865665 
832.2513947840202 568.5138191771775 
925.7214671898122 810.9657215906458 
937.8094839942604 937.1298358107955 
891.7643194877471 1071.946656855178 
202.05330044330637 952.8449395351735 
410.653239460346 325.39650749618346 
404.85275427122895 512.8334020585078 
1170.207037688465 1406.0558689274933 
690.8098677963716 456.5616310866247 
468.35543209437435 925.2592489196829 
1331.1247195245578 1303.1252668755471 
176.81942285615526 44.82601492908 
1374.2937225510955 640.0144320290998 
426.88647191138665 207.4154449652339 
672.7785897012235 818.3790697448702 
662.1443454775438 86.1958279766547 
1315.7605859272473 339.14335826741785 
968.4759623442133 307.9398835353499 
71.33707821946838 451.9744071575807 
910.6188409199428 848.904962527522 
215.9497934830648 458.29667274863556 
1499.1998559622793 192.26258713204146 
961.6937690742733 1425.9521761076032 
1449.0843353465805 784.9876473472472 
365.4721024869417 1215.0308454627557 
499.6895921714944 604.402566071447 
509.49799186584806 633.6724673208191 
1042.5313158471195 85.33187044822094 
854.8046427522976 582.6805169477265 
1273.0124373435845 641.316352767826 
349.07452866537517 133.5141583413776 
1269.3619312597382 790.0195765408823 
1042.0781645026643 926.3860503811661 
732.3418013192424 1391.5123067460315 
677.1532088009708 1306.3076679760416 
469.72150057342554 110.0385900580701 
52.84331685597499 425.61488723509876 
1189.1646873930517 298.82440254098947 
660.8895586293135 529.1092195991961 
1481.2516014380103 593.718663870169 
341.6775759092516 23.407654743185734 
1225.9738198417783 666.3494918736936 
1465.4835972491915 1342.4560750382282 
865.293875176923 897.6019180015604 
856.1491741454549 1138.8869548527305 
628.7332788160041 1170.5923152916614 
311.60705023920696 601.121852512469 
1000.3819950027647 1156.767941210579 
542.0268373200862 266.4216857105574 
794.5815817081867 1220.5131595169573 
629.0327305355656 128.72563108514095 
337.55055301705875 297.1140934788875 
530.2840593285084 717.9700331903761 
747.4380253217262 785.1182938611415 
572.8855964684093 120.19884418598642 
287.33032247749924 794.0490652024835 
903.374985980135 317.5033110980103 
324.072862320161 842.0814976842391 
284.4366229249969 1438.9268593112924 
351.1649911772009 523.8810816834921 
132.8333315738099 231.95659530122026 
1468.2980123161926 27.311662762529554 
1439.6342640611313 1299.756953023431 
496.02920118602657 1122.5097114856248 
417.5843017189459 921.7661662166679 
348.3314457918219 350.28114328931616 
537.6144495898104 1095.5646845697902 
671.9682924175077 683.3048896780774 
346.2205037188716 78.41976515799232 
604.1699503044479 796.072295411305 
163.84709792634288 365.6490849611757 
783.3156171352763 1117.1524315238064 
430.9990933215903 39.923523916062685 
976.2545632337312 777.0116355905967 
775.0511304530621 320.2772060515493 
343.45248704952866 118.099208690772 
1392.9069563578387 2.1593827677724997 
1181.198755194189 345.31311010134164 
522.5279575055337 168.7156118494666 
225.95920164582006 1379.626369042202 
972.8132478003845 316.8904533769565 
111.45588972259485 1140.206787663961 
693.742636741843 308.87897733770563 
790.0934049031601 749.9219580482372 
464.4894925586886 478.81905862666093 
200.13624472897956 1105.596701571222 
739.0347249962261 26.806786698034934 
494.627101003916 323.91588935132415 
833.6268626355641 744.5487015929606 
649.6538793973979 467.66216447586424 
433.18415639972 1136.4146367315805 
1496.2243024651068 164.9448911028055 
1075.4798835291128 826.8170044247304 
1246.2137811278271 827.6173571428311 
185.0045807662904 967.8357534010614 
492.22761784032775 1320.9591066637167 
894.5415143345909 937.9446661982548 
1240.0164964009646 897.9399127921887 
319.7665731052789 1049.3972876318012 
963.7347546801366 465.5283967784031 
966.9776079838194 201.5259406878912 
833.9026193853642 427.28629133558826 
1085.9220785763694 1483.6937669352774 
646.8931279378273 341.2095908437704 
418.2028599196946 257.266804970502 
47.474648086695105 722.7589655297671 
405.6766685965136 787.675597573828 
898.4782202207876 287.2254209295329 
231.9398996921297 402.1413637845331 
718.4967891765219 399.0314284919451 
457.5709655811081 7.171062861658695 
393.1113766737899 52.54525410024785 
1308.4389721268012 781.7274742668499 
223.73009986353264 1163.871439121525 
1404.3770811428801 1435.5212749496852 
837.8307668348933 1002.2404923893878 
1343.0507074951856 707.6099466809419 
603.6353627580221 418.1825340553282 
708.4371599289242 813.6827603893059 
207.81162468911523 228.33240396288994 
903.3849170383353 195.9668757065221 
539.3872804793247 441.54133226395425 
946.5286397764071 231.1545024219941 
572.6803990055552 921.4598177359701 
116.4489930399913 630.8701088356585 
85.1155031180939 825.403524594537 
1015.1320747267621 449.33234787539294 
630.0267904616732 1289.1128496012516 
748.5206485855474 1040.6913613396928 
389.8166815403184 789.3302375559141 
1337.8756340363702 426.6812601765291 
1159.5875936743182 1145.4757403892634 
991.5275121996615 1466.1727371865331 
1456.1896014760723 606.6613744234088 
1105.1976544947188 983.3636969761945 
1226.4347948734332 1484.6464230276124 
580.6137284169697 1358.4909040949292 
1206.240117678501 363.5934935481293 
1364.5919430151002 722.6542720064372 
1480.3861922425976 1307.3202160795304 
106.83332150050823 232.6006284824348 
656.7171176054725 889.5225329767937 
343.87091571158413 784.6422521083401 
1469.8726996541604 707.0775641013015 
375.6320604269635 1066.8964039762986 
31.26055283276652 151.9934761536028 
1117.809721676551 1168.7882506285596 
453.0062688999234 761.9575338219913 
1480.6113571677147 991.6026351753356 
1150.6408701004036 1155.2454951468333 
1102.5415763712003 1082.0548743832628 
435.3968509991306 1047.9514290265342 
669.9134051946107 213.62428367584346 
1086.147466607261 75.5752596068412 
763.8406919395504 188.43019358630076 
558.1046600001614 173.1738568452159 
786.4821850450758 977.0541712700241 
976.647596364165 230.01249478178855 
588.088167414571 498.56867588601887 
114.58750086209652 197.30050310694236 
403.29766627372584 906.9499946011 
1310.0205064715442 282.98616008891815 
340.9226744046951 707.1984418341954 
162.79719011671384 895.170748771361 
264.3074261677611 681.0906935233583 
1135.5189335124396 33.691362285763084 
260.0021600890926 1458.2300082012048 
1268.4620357876902 1208.3314018721244 
1323.5299799969962 1421.6616181020427 
742.7679952338284 213.824007172778 
676.9483746909309 624.7710614330657 
1272.9035329557646 619.5372701863866 
166.75016536767518 1371.514709863122 
512.7189540202546 536.0899570414957 
776.3111073731561 1260.5149042394485 
1170.8118280467281 730.0021778334366 
36.401014686188226 695.9724602576698 
994.815975725901 451.1807787298196 
1186.354368859596 1268.6838121043875 
1062.1722084469054 357.7295534602218 
1178.997856310274 819.4925430120828 
1479.2774797885218 1428.2579018643794 
450.78111574247345 574.7703342438039 
1084.7533316013516 411.5383830306064 
323.1778411515006 1109.081562123381 
915.3702247675648 282.6223300481194 
279.93389111777867 359.89589090896754 
750.8484825110228 42.55982656452739 
1324.0217079470262 179.26106498219175 
355.71250920773093 1107.663827035102 
21.42015998022351 733.851787903203 
1089.5044197970212 165.1067874657689 
1265.4103729331582 1134.2257337098356 
326.2469999961397 499.3029787025664 
520.9417631041489 1207.390546698573 
618.7677852344594 26.699566145597654 
352.52319906592226 386.9769668422206 
743.3838272317295 460.47144984092887 
689.5804094214584 1165.5788461760228 
915.1898901689393 372.1608378080891 
1099.9938685411682 1456.894738599774 
468.0607474128954 1445.4869896289058 
199.6803191449983 432.51837390996235 
414.5230174130342 956.2312070741563 
417.55021321042847 430.3299490489942 
1014.2202810179122 270.5996958977213 
1200.3527484918882 1222.8920197199873 
878.5531406865445 1031.4007788740403 
672.5364042177154 281.26520668496624 
842.3058167264833 122.35514881018622 
390.8888218181634 1353.4845788306866 
1462.8179182383756 133.81890628529092 
808.2581122310875 1236.8569655267122 
1241.3681234392034 127.4879587086376 
435.9446024817774 442.26763140104606 
778.5060621873154 1144.8611163322435 
1409.268293030971 484.7212618737585 
669.6349364354267 617.2945898867027 
1405.5751977138968 690.8028054457745 
840.952698610997 719.9212361307824 
12.308560727227746 714.6574648960556 
883.1654014631322 1407.866962163215 
1188.4111088323361 1202.1268423633808 
987.5588753591028 1167.9714217713097 
739.4604018343833 81.91400939898136 
988.3654708994892 1157.551742822704 
284.9365311342422 717.8639710839892 
1178.1052553355016 1243.5517992239138 
1215.3421559275178 393.6729668693611 
472.99380177804517 291.4725588867385 
760.3335087001906 577.7546488767017 
778.813532291945 1418.8187223335024 
724.0124423589024 735.8098233773833 
327.052329227867 954.4083017941813 
638.9098919750979 358.78667924624307 
1298.7174220086151 991.8538672516861 
312.1952395746572 708.9014950237366 
690.079621472051 516.0705946625948 
168.9239716401949 1326.466960422349 
88.5777110883707 1304.5466549406137 
614.2898203570913 495.9264514008307 
1186.2674865471276 519.5012993152345 
561.2483748022015 125.2954824032222 
178.69352310639886 1309.634461397253 
743.3040649635639 943.7499094330761 
237.3014149189122 1236.6125637681218 
969.6884099499084 113.50799910781495 
257.6928957688201 427.28698999679096 
330.75194746843437 690.6125583035347 
1117.4358409567512 245.44822084543262 
312.5150265078522 1298.754535682883 
461.05426586537095 1211.0588353513797 
151.4032645226242 1036.1158734278429 
778.2053997369445 602.8408517794711 
1291.1301654970787 327.5198457403077 
317.4110737130059 371.6484945376341 
525.1217753521838 351.88256715056906 
388.40419005308866 169.02257603895598 
1215.6318558498629 470.14606339253066 
153.82774249737858 416.3316817913973 
837.5774560268912 566.6003329489891 
1086.8114393567078 501.102633554803 
656.3450586901542 650.7590369323542 
13.331925825913803 335.04907250278205 
96.8878910356153 712.8784961262114 
214.40863539894727 1406.52454031721 
1273.2362521398409 468.26684928192356 
688.4817499503075 726.8452277219156 
1345.77828546202 91.24985060872542 
1426.7107334267737 1166.3436073562643 
343.8764539686343 1302.7824066473531 
107.8273274680554 1330.2548408412135 
603.9377645028818 801.0546713194386 
136.55977308020456 1431.492546365238 
195.05446388862424 1250.8074000571105 
819.4334193952722 1134.4669918086818 
508.2852177270168 158.55591732881396 
966.125354416369 218.36373310747064 
626.7998736699943 1234.9984157715487 
724.0089471297869 351.02997937922174 
199.7328145366904 367.1630908490358 
235.26954669978352 1129.2156021209598 
615.5684321808343 978.2690209539354 
720.1722617376366 814.0816735320178 
764.5759656556129 1430.8618556642864 
531.3722995302162 668.7575021614404 
814.5445126578662 1439.0664815455941 
5.465606282227586 1494.2495796950047 
1199.3553171306728 42.40847341309534 
1377.6638769304225 969.4587525329525 
1371.067203300522 1268.120576322749 
91.6165217278872 303.84460999660774 
369.71707242299857 503.90630218813214 
40.75976276400639 576.5975043236316 
994.4922646175763 823.9479116061988 
1418.5672170300645 526.0461096259983 
1089.626413827182 901.2106017613727 
105.60469955845359 1278.9160164140046 
1252.3509576653926 33.10748774582489 
957.1885712922385 623.0481479515754 
1011.1234783741897 14.821484480085523 
720.3205363507429 83.75442919390508 
268.48149526457576 171.54413247625538 
1372.8594336283143 312.0646065905107 
232.19672199391417 269.46337067512206 
306.07810342654534 1270.8759047716292 
899.4299217877362 1091.8902579171465 
299.5094958699688 1089.8685687715586 
139.75965141168544 778.4880540296136 
432.18427443731315 1418.5073482464759 
577.0875349084426 1287.262941098469 
1129.0725342844175 757.991514895359 
1129.1498612061034 555.7636030347978 
320.5033817795114 913.4635012158548 
610.9118477350393 997.626651405545 
579.5337582417958 399.3097557455595 
784.1872623174802 1004.3291658548034 
1043.2330614140096 118.76239298630159 
786.9500375018912 1048.9980741911286 
681.9156577546426 86.66431649649375 
1094.3681813507662 1135.211414698321 
21.358248470533916 655.5502581900282 
1272.1097350361208 303.70489207779036 
601.5488507577409 968.3296564161113 
1494.0052482125711 404.718421196394 
11.236472633210703 422.2044040070647 
1407.4088882438032 306.89360911837474 
259.00224833257755 985.7663893135407 
339.12134891521845 1185.42868582149 
1280.4848547715685 469.55767529747186 
1186.1223770507597 656.4017398087485 
1287.3342366367324 557.1386366052405 
562.1896003133186 931.3545711756574 
1288.4716707761772 1451.7102511941507 
525.3614721647481 1271.8506211064407 
477.7043470623396 1482.4459666707992 
1127.187954282726 936.7896340649436 
485.04012552921535 724.0303822514517 
196.81033641316003 900.0260489693638 
1117.6280831339532 1454.9864603921485 
1128.7400828536793 988.017051809297 
393.3469900378916 1385.658226623605 
648.8702455043128 1308.3472002756685 
736.3910492854328 744.4906002465837 
131.7373734883033 1134.2939103744939 
105.45800127055682 1265.9320504633722 
660.211010834133 38.00415493230802 
1225.5389895666049 181.95057003791598 
606.6494694830637 1135.6722875674357 
224.3864497490245 1263.1096740101307 
1000.4539894011407 1322.5102790140784 
785.5447803346005 223.07900035390855 
1133.1603054228046 1160.3631898850367 
394.145746240438 157.60804928872085 
1095.8809874699018 1012.1445226753337 
1375.7999670134402 158.32148376737416 
152.92790356516593 1356.0843721124484 
649.7162071786842 946.1144859622511 
668.9179870200127 303.0293808382326 
686.2902558966185 1473.8557169596536 
1171.2227321452497 607.9782010260864 
1169.5874868222863 1016.076035519267 
1291.3779681251776 1487.6671419903125 
1234.953039149371 1257.9602776513116 
1164.9073734596757 1451.0514816368577 
1229.437144898913 782.0693085545429 
1373.4092901723316 298.21255609870457 
776.438060879057 262.02859726803905 
1078.0295762781836 420.30185597871304 
50.79138573024339 922.8642735579006 
71.68059848085251 690.5199970006556 
961.9273314031399 103.35162207375959 
1467.6762338814256 382.333065493027 
1307.0979932605444 489.9331823812013 
1368.4069721582048 121.64185608731404 
419.3529556363894 1376.8308236945873 
709.4019396028625 1440.427751691505 
1347.935395095973 1113.7125789271545 
880.587986354861 846.093388405984 
53.697213083283515 347.08459082783133 
1434.7750898951292 273.27473805466644 
263.69919819648766 1235.0762432950269 
1231.801308639312 457.19034276574166 
1305.9773274167364 337.50399951072455 
1011.1767031715848 838.7231906884047 
1278.7450423231776 1025.6524267489685 
876.7039625594781 172.13896176842076 
758.8903379708746 1405.094040476258 
370.1526562247868 810.5635159493439 
637.7245463056869 438.9947199661295 
1222.801997405767 1381.7070690186208 
277.8252379282014 616.2047853770277 
540.0020323348539 512.0394539323394 
1283.9472487691933 1378.120839854624 
38.298599750495434 1034.742758405291 
1108.5328499158175 1430.2712852871002 
952.0128626282122 745.4977043377638 
1134.1231135978526 1125.897994544122 
154.67584052400284 1112.3213704772802 
1177.8961486469398 550.8151590631592 
931.6265453156745 1222.3277308021534 
900.4167034537354 503.271993705777 
280.8263593948496 1149.0790284519253 
616.1108696561693 532.0336420785818 
503.6524978055978 1133.5110633569968 
268.9415814149471 426.9219037805093 
241.9395871219177 1153.200421607828 
1170.123384881048 1439.3423664899224 
528.1599755831498 1479.0279176285392 
1406.8746952371698 1106.8756285278555 
1444.496213263922 861.7482045501844 
429.39478421440407 1050.5663317000024 
316.90042185864456 622.7302423421479 
1128.7271707883453 1219.1182815784525 
892.1424961326745 1309.5623253114072 
454.7308550839334 1268.9656870168228 
1242.4411344044318 1140.0750787940704 
1161.3198913096376 482.1404825111087 
1485.269652376251 1194.9289706838308 
81.10459849717394 618.730424313904 
468.61811685233033 876.1162076087413 
2.1001478063585877 733.3150323361943 
646.825919888409 669.1232181360064 
641.6036406327544 99.58012387139637 
595.6676326747829 858.6521327625917 
969.5081882220799 119.72109977277945 
1155.675736444892 116.2170350398276 
634.6975111914495 1211.3436693387284 
453.2690466830716 140.5043299192505 
299.69701325340407 1117.452386260974 
1351.000273893552 1317.5469858753365 
540.7604767987272 1479.47069415375 
1492.0365060776076 1130.9603487246948 
593.1684549361895 753.9875533653665 
1194.9731380542155 945.5426730921909 
1444.0672561362417 1332.6003694585734 
959.7286132610146 1056.4167810769743 
78.06127778656918 643.2270970880315 
1362.4184452885938 40.74408266050761 
377.75595272486623 1296.9505993180906 
830.7114983886655 145.68652961017287 
1258.4446261163237 1236.3958388147732 
36.06924445481141 222.30821206474855 
231.71961486755248 487.1995637945359 
1303.2715545973372 1422.8681463680207 
1485.465956881572 1218.158595321486 
324.94007056025725 594.5078460746936 
364.3531392641198 1274.9646707234392 
1098.160343047463 1335.429371494805 
193.3772343776028 902.7890384327275 
326.0784576605078 398.1682243475665 
992.2202861298102 940.2829546509435 
1455.4635963542362 77.12964480254425 
1453.6152395910945 1045.7570039507139 
554.3087942424485 208.66423173112975 
561.8885806059387 1354.2770685943228 
692.4355657982998 1330.5984966663345 
1368.2569112222177 1016.5038342075912 
1198.4544180866671 612.4318157945518 
1168.9267746696514 1306.8587095458574 
900.8022489232187 981.0521837965823 
928.0217785811204 574.1574672882903 
1111.5691179400142 84.6231367844042 
1481.5740125902194 106.56743632068505 
1079.4263555332616 280.9291248703826 
1005.7515900904723 874.657837279103 
30.54704782185086 1015.0666955503995 
627.1036863774654 90.3072212524737 
1269.4473335370603 281.60871653775854 
579.6768331439818 410.0233266606479 
1244.3046855864777 1221.4432864693397 
257.56640616400176 267.75721237121326 
546.5258116333029 318.02576334122733 
576.5574494207535 1325.6282355305384 
671.2653482533586 204.2038095713617 
993.3966096223622 729.9766870317596 
326.7594716162341 1438.7309574050098 
398.19871247867457 873.0045956496091 
1340.2111238685557 212.34471049486336 
406.338603609373 913.1663209917183 
1424.4210983123921 1041.4758981115199 
314.8415485823311 597.8144069074364 
647.2589981523415 428.59513177342956 
1023.0320905641682 1134.766535393049 
11.056870515072648 1171.3926561248686 
667.988292736475 1487.2958680904183 
1376.941523542732 439.37068282863453 
657.933137856529 1385.9719630928046 
1079.653730198581 478.57576772180073 
100.46875333901178 122.63107337626073 
1163.7459326561143 1272.4544569110137 
631.3818117776224 1.5170961207958689 
482.9261677206328 119.65725870033961 
1105.4593463783572 1059.6062807657822 
57.73013777767877 1469.660563993826 
288.8131148327596 969.9352222696411 
982.513778447935 579.189833351146 
642.4799622622298 193.22942979529694 
1070.285540849418 155.98338206516044 
418.6267165026642 1202.4659899476123 
1492.846253852008 981.8262623049183 
972.1242059730806 455.0178624131721 
988.0500578291454 649.121059326546 
1254.3576432073733 419.4208264650052 
455.05809621406416 879.8010233002066 
474.5811175193849 912.6872045090735 
1155.8767282222443 160.3929072235415 
354.8931884980316 1330.55332077523 
1195.353365353737 1309.1726442613933 
661.0376338712193 209.00768472491072 
321.7147050315931 808.372183827346 
756.528862896184 596.2139531133308 
1134.204605054246 172.92234481996243 
806.1521758279001 1058.8046490216502 
765.7939657137833 356.0604266379168 
900.4815864900781 813.8024778563101 
106.75354471514132 357.363356575345 
1460.3439194449095 49.415485192454035 
1218.2844443061417 341.3955364114949 
246.17707643114971 315.13920242947256 
960.2257895928773 531.1462655854185 
921.0886604282567 1287.9308705054696 
1283.8498427196175 304.9713977584299 
574.1887222985215 449.59612850129946 
1095.2637002301294 1279.6429995576423 
1452.6036805018828 805.9110848015974 
139.83554739622218 976.6274504042843 
172.26262894200633 117.38338135293091 
1144.3922863846672 1143.8595578407505 
704.6301017206187 346.5635863889815 
1432.8645092057045 843.1193334071919 
1296.5366171680694 621.6427156981981 
937.6797607190521 570.8544517811057 
37.02284888201501 552.920009733663 
1231.9896023809417 127.44770621680124 
1186.7287622204562 1384.23302985078 
728.7738587269026 176.9274700262527 
1038.4491749876283 481.93016824043747 
1018.8898559368216 469.3524721965211 
803.8716905915604 368.7132118189784 
1081.8568980835944 286.7173660925156 
439.6230961164835 287.2676175115083 
304.7827750717633 299.1375107754453 
922.4050239257019 430.5215341818304 
592.0199114087902 831.7798789881803 
1377.780131670133 1245.3351737241594 
890.9809636953099 1111.4427413291332 
246.22905928460597 679.6556590500129 
1190.1672057561452 348.4423305571037 
253.34577712829127 605.7441239617273 
84.50800847684603 1478.534625507424 
317.01630889181575 1012.73928876913 
923.1056752965859 287.09415566180996 
1335.3652173842327 987.528107423181 
1093.3354138289233 674.5819178308678 
825.2911989980469 314.17409401789655 
457.68611712106343 731.249653746183 
32.455929059444664 1136.904187878993 
1465.8178565497492 662.9204181947837 
943.9696958164068 926.2622303969953 
1313.5713353430224 687.3773568224144 
1485.499850048348 701.1932794401464 
1367.2776683225275 792.5263583092154 
884.3545131806939 301.95086882041 
1350.5906067783856 983.7685632099004 
1098.5214140533985 651.125635202691 
32.55568650271362 305.17117637545437 
1275.0082975113244 1388.414433848877 
1432.7942939445707 441.6819283470526 
150.57215257281285 1267.6420511620888 
1053.62959379524 963.6932661458968 
777.3713130479204 1140.3082945883982 
1182.8360594721037 887.1195230306687 
775.5025978097057 667.0548701101332 
1209.4817814646094 1042.2163538020873 
557.8421277336956 758.7922649426266 
443.38315220614044 930.9278853513041 
107.22399555874718 303.441195208492 
241.55664521012739 48.98291558709772 
1094.9815996195603 37.36431945223517 
493.1772666338612 657.1078854837388 
769.0363254606124 1356.0410414864039 
704.2911043075928 386.918802770683 
985.5067116414939 649.3655574558665 
547.3935089090247 1040.3493735370826 
640.2868695239104 482.7124959359143 
104.1500516536617 909.5109792951095 
1328.491156949477 1414.7572417221118 
1249.3272944784446 1238.8745441716767 
899.5010847889225 765.9227929314775 
1061.3759935023472 1412.4174514857655 
228.66416003906275 740.8983422027777 
278.24281060950324 559.3683375450428 
652.3631605527202 1331.5451631513827 
397.80781069719 837.8022197744824 
86.4114271395684 108.44665346777505 
1243.9196219436635 1408.6978515957894 
120.68384034364283 739.6636613401328 
1361.7153938950364 1086.5611760867594 
149.447890381456 686.425997115514 
245.90090319908325 975.2595410819068 
445.8266021285605 954.5742179401362 
19.884888470707075 1321.3022250218633 
838.2025085204874 1083.0928887880598 
1485.6816863282647 419.56532443626156 
1223.6767851595034 75.7845913606755 
854.2780417280485 864.5796594953043 
183.35941055117178 42.971986219486446 
397.02682679459934 743.3525368913687 
365.9957231362695 1220.5329329236854 
65.41849295737323 60.6570477676035 
177.76240829803297 354.53089556331065 
356.6009747837959 594.8596284911666 
1373.7553847571075 643.5249231021342 
559.9348017329053 488.90615970686486 
1305.0420765205154 171.1416369438034 
1331.822229745994 1338.2517840324256 
1237.4546679142145 779.1891737008522 
1482.4349718478848 318.795938143141 
534.5444861952049 51.07894051355116 
1412.3653550133024 1142.7418861865617 
369.6059412814406 930.8931721658089 
1175.866673464002 1057.609218127114 
104.20952569519282 213.89485078208835 
964.8438800512812 926.2681567388161 
1144.8999295880549 891.7451768101787 
860.1517406030952 1250.8984452935445 
289.8126202266886 173.77998826972313 
560.7375279982307 883.5204100087789 
683.9347262672323 317.07987920967 
1430.061154913032 1323.3248755474494 
991.2128479300394 994.521697583824 
466.90208037841523 1397.690067717848 
984.7021233087883 343.25077512104536 
605.9165463049519 696.2942912955333 
1146.5124491187075 1490.7649507275464 
163.98125564072052 648.5394449615952 
189.81639805636803 1262.9162730438904 
1110.2080793375212 686.7924059025858 
998.8106998572804 961.1130720958924 
354.9374798046795 942.5789104297173 
1163.8671508130176 309.3837792566559 
1100.6080659080071 504.3252466809679 
1109.8275931925018 24.271506399587196 
56.65871310667075 336.35896354998283 
1384.581463425042 1187.9028436243045 
662.317037064672 1377.222053555936 
1120.6749209354316 10.486759924151489 
999.7412736649447 147.96430191386423 
905.2749107726924 1370.0777463738448 
506.36611864757134 641.3345917610135 
165.35256727852288 1046.5997758197577 
1414.4373146766075 1270.0029910133994 
1197.8926560535594 309.83368900335233 
1093.3865212203182 312.74823975777656 
300.16484084195775 469.7980982308612 
172.84015164516032 288.4765806758028 
530.7845799079967 609.0931607259749 
494.7049633223459 1422.9139299894662 
1049.8671569253179 1390.0034747606287 
1217.3756450284384 938.5867574224552 
29.750913036749427 1210.8559995282444 
211.54836794356035 1458.826508139534 
628.6201489265998 322.10085775562885 
1160.943671128571 1122.810987747973 
1159.0537093326882 371.3214748552132 
814.8298477876772 791.6510078788182 
1467.9647783770388 757.6151467181329 
1409.0845492716844 94.15200427333292 
794.2329740850209 623.6418552197057 
721.1991105787093 946.9512507365326 
718.7805739249513 303.922284891459 
1449.2999605876598 1173.5954275282081 
1391.0306873914003 623.895540817831 
1181.0135320305983 1218.0651950835422 
686.3381341745998 110.06639872907587 
864.9225499510521 1062.0787439056091 
14.281365333963015 1030.528049694864 
1366.0700852162438 797.4748266928061 
1453.5823469015154 887.362885815527 
328.318928707775 1189.9041347639202 
1097.007576290392 1233.005369759853 
1174.6350817397583 1060.327832639802 
141.3160529880546 57.657666320599155 
1207.275609230488 568.6816638324485 
8.594852956414712 944.7101097904261 
1155.7949106503388 553.2219095794121 
485.22239139644086 48.333889443447184 
942.819528711694 342.959855082001 
216.0572619180584 166.32234098600085 
672.2994998432384 589.2321224800701 
574.8788098179601 1112.7477028028836 
211.42928065759642 541.7365022934042 
1133.07038740893 832.6509481985014 
184.38376753518054 571.0604082487359 
1372.0354870963695 923.0746124861267 
337.4042313888155 596.5542784160765 
984.2633215761888 1385.8599054806782 
21.47618758258607 814.4567244417567 
27.765585355659482 1255.0052905424438 
270.8152037134057 17.107655549477464 
1415.6935993838845 1466.3127119926355 
854.5921826652866 867.5500311328765 
376.54523887480224 673.3431438588898 
630.3483010515739 1154.5638289885826 
360.623245263229 1246.0324210641822 
484.590546355594 1084.3217225804135 
778.3862226403271 651.939575949277 
956.2279945125191 563.3327726552438 
1091.1522457380931 154.4014091499469 
703.052719189701 319.7766860451764 
1497.5231631595498 558.8594317243256 
1126.004024450801 571.7076810453688 
868.7502896515043 1316.8353200137026 
684.8057486916886 1086.5429731992313 
696.018047890647 846.9960348739668 
893.5118171240468 1340.6916579720948 
798.9174699448938 123.14715651589874 
1110.3544624301007 360.71532293810793 
1088.965005852735 1006.8421085484395 
660.6235247067953 1040.9308877750445 
939.1553735208357 741.4345517502915 
227.82507391500567 1100.5218639618904 
628.7365364671203 950.9858564308062 
676.0016017347031 674.8401801679316 
181.74738134656272 778.6012329960829 
980.2110321914118 1364.141949118591 
1032.155988487141 139.78286470647467 
999.2744898201054 270.7896973234156 
1232.2406019903035 9.992158296388276 
1144.1013373330566 883.9260703038531 
97.71239697241852 7.238070557956666 
1377.3665750632406 1290.940825090995 
911.248520011123 652.8801411598951 
515.8389796917883 1021.2706246142205 
545.4385365139633 1240.9669434496586 
1227.23946928952 587.1560489776783 
104.10878919329403 391.36115707396107 
1319.251878906828 1233.1041650442592 
792.7941806549793 248.04171485959125 
1087.0783167014033 197.30687343819935 
451.8015620234498 824.2895048273264 
1275.358088971635 417.4307179364225 
310.8886836981598 215.47823826726793 
342.12737633508385 1094.1289067368077 
1335.5550001765184 459.32638943567355 
1212.6808318909882 1191.4119499185003 
1253.1556746217398 491.1847589528455 
1064.564057664993 520.4821119640346 
392.16581344445484 931.92026386227 
596.7818531498224 1428.3889776257427 
1271.1487029389393 741.7043228167918 
134.7295098846572 431.3648960071154 
1140.6975468723367 1238.5743577666344 
1458.8833704075366 1009.3875036058201 
183.61363692607614 1407.3194404630926 
84.13913592615934 169.16859371885013 
708.8218331528162 634.1011168259644 
921.1372799242454 949.3323093266577 
623.1168038942877 1139.4304486836143 
182.79425417140942 597.2293113117557 
1204.7384306202355 730.4556566389099 
369.3683355958924 68.81515109628467 
505.96104828415326 1176.2926847023923 
272.4541273627309 496.30981493983603 
1068.6391615258583 942.9677333172177 
769.4581232649755 1190.9106233648627 
604.1809175121006 601.8852433438407 
1234.8510447962572 1271.1649945573074 
577.1302416385404 1070.1704810629533 
1077.4189847647538 287.46553015740574 
824.8036309306632 1355.0011989108998 
72.37816417947329 668.0818731418807 
767.4214657295353 226.353511545406 
640.6294300077438 990.7105155422418 
483.78052927078477 490.111074311882 
288.4215186073294 149.07638857527533 
473.5525089941516 701.7912192586011 
1152.1562845184203 796.1002429037409 
1255.6023931652342 806.9544273836071 
381.86783830368125 1213.3548919998707 
652.3673690348342 1373.5806823213704 
770.3025851123502 478.1031362035838 
557.7647390240071 297.39024130149426 
841.9897902650746 962.6639625675855 
726.9846954388776 130.65221973916607 
869.722374786726 966.2549489101916 
1112.841083419959 879.0222757548044 
1079.265488518158 668.7106018385078 
694.64581513552 1470.6150881904991 
1321.762070681045 76.76456929021747 
478.0626626081745 687.2638567775613 
649.141715351727 1205.0586687786404 
248.69030830693316 406.5609213238676 
1483.6408782404496 647.5043232992703 
1407.1704957929066 1303.5016854548237 
178.73139596562544 478.0040443483049 
409.82737365015174 360.1869125183081 
1335.322773383945 334.61249779303694 
1165.524780869181 366.2788783004776 
66.70145566786707 1127.3570646609048 
1496.3086640120296 504.1279207391078 
1364.7334601792672 631.9461866202294 
502.12602969757734 532.8354620745538 
1373.765756503319 41.13809674256075 
615.7293769484583 274.12927090399825 
1488.4389139069644 179.5383488772586 
403.39814164272383 893.1381242126397 
901.3362406816476 41.95590500103486 
544.8888187435332 696.9538790780466 
87.8690329617926 76.93137861345062 
410.87569714115983 841.6430173106525 
657.1352361707798 1302.6984234121971 
1070.4414657748357 452.16084543902286 
1359.6886817270458 414.43193567478966 
895.83998871118 1307.7354183860125 
256.8733820935982 333.19452974320575 
886.3580903201979 981.4834475240774 
848.9645868202829 280.35582943975237 
398.8476715651894 833.8175418636288 
1021.1053349365365 1188.4554481601258 
1134.5953820812374 222.22529672860935 
1490.291525541901 39.677491132005805 
724.4710353189464 803.6024226372158 
455.8721265470527 946.5364745071431 
977.3355591372912 856.5182649627997 
803.2784689722371 266.4498466222065 
90.21918452373384 740.5597305182121 
80.38838271463428 289.2886998526596 
731.5866374527155 676.0458082226043 
371.51974501883285 956.2117020516496 
1337.171892273083 50.32520825153114 
1054.625548448965 171.15266949373287 
307.2296735078184 1298.0261374604222 
398.357982900541 1424.387996823282 
1203.4757476711234 1145.3307509321307 
1097.0669135889416 549.2055518873249 
1054.306783373378 751.2568695452901 
822.1248472216021 821.1220037217247 
1424.8274158753961 949.4086913429628 
1435.0751683485262 1180.6908362901315 
535.361752907694 227.14610480263414 
822.4322737246362 935.23057608576 
1284.3778237708163 1178.647623426127 
1001.8980636326525 1435.8802328616605 
893.8983368362709 187.14854984587708 
682.0894655705639 1255.1130343541338 
39.82161862793227 424.6089274761705 
883.2827657058999 1447.1242210915116 
1101.2200440862339 339.5156060101161 
926.7670706576272 1367.2735163205198 
1082.8341506383772 995.5374228608624 
1482.0970240978627 1386.9704610443016 
1210.2129944875808 543.2800688327156 
839.4217957559496 1439.3624776502602 
524.0193784019472 808.2505221535098 
457.30806941250995 754.178773473005 
1094.020695174515 1330.7153135871165 
985.468458105659 555.2173388010159 
1234.304327971256 933.6322473790439 
1352.5132462078057 831.1063753560769 
1208.8822448032165 955.0904366194351 
558.309047252781 291.3446875945728 
653.762526658859 958.4349309703506 
960.8361429487371 248.34363461029412 
729.1127609502443 84.91542462664758 
763.1098192810952 391.2796223726507 
1305.3224585514508 136.4845744418288 
1296.8314216800627 1405.965139356736 
620.8898747633896 711.3971858166674 
1064.011772052295 170.2724778858682 
1198.9102208956592 1483.2057570083023 
248.33527972111247 397.6175591304167 
1326.5428679010606 616.2744500063338 
1119.8195603683498 275.31531583656266 
207.60738896630693 1042.5250888950247 
21.22653085251325 1152.8474715994485 
892.526914810991 344.139945505214 
1390.0439597732154 1335.3002824422256 
488.18610476904286 1289.6427047444047 
493.66572303199814 1241.850184794897 
904.850005605583 1317.9267983533462 
763.1110344557366 566.5974883655856 
1362.0244289003372 1.5436825683088906 
451.1480526231673 271.0037637829436 
401.3055418073786 540.9804274541852 
857.4398239238651 1274.0341598673263 
650.8542234470406 4.4376481971363235 
0.006823230518926415 390.85582348761824 
760.7717202968859 707.1925350320009 
335.97926141772416 110.01414019283983 
1381.9393951574336 213.47309326233403 
1248.235548875764 658.6431667754929 
382.8802921428972 1098.11483705716 
536.5704761768188 189.59560161322432 
176.33794601024272 1021.3212280975873 
84.77969945039948 207.65747002972557 
197.34718904193977 1309.9556410414525 
1043.3099034405793 94.47681145276205 
1071.3287998701883 1012.6855802719939 
1283.6580016494604 845.9159793877762 
1066.5598797180942 394.6926410440016 
447.80451926874485 513.2243981232342 
845.7613391663787 36.92172954142464 
1314.1609747038035 734.3900587304785 
536.1746431938329 1322.7275495943215 
410.7091079519913 508.46401940276434 
1196.5953399265559 810.7092784495048 
1462.3293876561918 349.9013847864075 
1159.151251290881 1488.855526583773 
853.6332685177973 700.5768946138024 
226.23257477989338 244.7924309460684 
46.13114651332689 1268.1969198146778 
1252.526455973809 1260.8927916751784 
50.056036223220744 844.5019843839401 
688.899304667183 678.261865082207 
149.29328056481296 631.6661678014531 
457.16217430303465 1482.9998191956997 
919.0438590903739 1.5371134796325348 
944.7925790379455 412.78329009446355 
1331.6949046304853 1096.3880129487816 
1450.6972260154262 420.6704660097296 
1497.5083178587747 1028.282885525869 
1113.9317459466677 251.96640664642916 
968.3865828843927 1333.7425039506109 
589.2050013701463 856.325768445742 
682.8349952763638 1483.3728358774788 
1210.7008378043017 380.4442241150932 
99.14053433352909 954.8275878189069 
192.28727366309118 844.8712243780096 
909.9370602973843 672.6389426490891 
1485.9241137038014 521.7812385121465 
279.6238471488646 1002.5662813687205 
429.4956910011379 1016.0881956366566 
1338.8066156840882 1379.053425472934 
892.4348965761535 1171.8495618770394 
600.6105669305465 231.15935178811776 
690.5878649158552 609.50431369331 
591.1390820126101 644.5493499063972 
386.3191484318129 647.4454860665314 
1063.0485372059036 559.4391157193952 
325.48816053958575 301.4530979772219 
707.9108846822721 335.6722549387252 
206.30683550613688 439.76118612089743 
772.1227719631779 1142.6901011218254 
1311.240044534347 1069.4544472472312 
128.65366509186632 1471.8647205356863 
6.8027208944902995 600.4329284475641 
643.7483348107464 825.9814172277446 
380.7295327414289 255.85112638604457 
1358.4194961577216 914.1824988492093 
281.4251764875992 806.9386774702741 
1330.425534693624 995.2222155820175 
476.4681279666028 379.8881155403697 
18.272367540354217 1025.5437315044496 
1255.4240743723965 1068.1470296929217 
353.86335922827146 373.88707233827154 
401.9303125910028 740.0536205570962 
1380.7568272823783 1400.0255811356728 
581.5930577205191 514.0616871723336 
212.20052806397732 707.9972802530367 
230.69711390855974 412.006916442295 
1379.107328414236 940.6146048446315 
1342.4356490868854 1294.5718952087868 
542.5812555091763 1014.7097883581501 
1364.9724584884138 829.9291152239889 
192.4391065097471 596.2186191862686 
440.0397812780101 359.10978393421124 
1073.571024036654 946.0357092152653 
946.2762612245897 1104.0867251346197 
891.1754003030056 848.0805118402156 
614.4594791475164 848.5436052934004 
360.77593366408047 663.6788065887413 
631.0153732656596 987.8041738775283 
111.99015585292216 1057.3070650531497 
1366.0504842868288 1104.7409043089974 
1014.8025622145127 1085.4329088494978 
386.1307046748286 300.24097445203273 
70.43615558308403 927.2136301699045 
848.3753344031913 169.00665645077345 
1193.506247383373 826.9390052037719 
991.1648410160617 906.1116164371074 
1287.6639256763958 1162.9286019081471 
1458.1920932523888 856.9418969094911 
665.765831109601 521.0845654178003 
816.4483001945576 1312.0329987824657 
141.59594809818233 739.3532347526487 
84.3895679952718 676.3027261940509 
268.3532985357951 1392.284903439693 
1417.0715927807603 1353.841552947629 
701.9880744094066 969.3944484845418 
999.5227297883752 322.1743840284737 
870.2891890968987 1079.4222466010422 
717.43836749058 628.8847722752472 
1378.4017561237897 1036.1864984443132 
1102.7535436440812 81.41471796687728 
246.73682545455804 475.3955865107805 
317.097783243941 1037.967907083871 
230.43164995852777 1462.7962191123709 
795.5995194863877 1133.8131883818687 
717.6139269397587 364.1897314673207 
1181.1829185957654 1403.3774521265277 
1422.5533173375716 123.88271057401445 
275.6048787896569 1112.079918686239 
1433.3904226109812 753.6675354874792 
1072.53936086008 1180.419252930961 
254.25028218551043 335.3604268239901 
940.215824951626 18.117517756386313 
109.24869071891675 895.1658977533122 
1463.7792947449932 421.32205334898987 
984.4332771825567 89.98956460934349 
1273.413054888928 466.8871250417883 
421.1317780799919 555.8237396583103 
1421.3385722690532 1363.0010275798616 
1459.3281086332865 308.6584757830391 
605.0575876635497 1450.9351204222903 
376.1253816542236 1457.2013587252945 
247.99920840557698 113.08320464813093 
1053.7593212116221 38.57420073235118 
1239.2837914137078 1228.4664950227377 
271.0504845766849 1296.6116241105165 
612.6795521220915 845.7813402796769 
1337.9246279591168 1381.747313008172 
587.4955564407015 613.0042545094833 
1462.6011709571505 974.0841554309213 
908.0284632477976 55.66123749192503 
24.897055936723923 506.6838603372302 
243.94014525180162 857.4551104781335 
1021.7507797856822 1035.628483913812 
24.198442165719424 1365.584258409171 
1356.002296941181 8.17257762164969 
309.5881104967826 785.8027967870531 
1281.348919350118 1020.0595873955209 
310.08758593059804 1095.8941748079926 
1100.3176012143017 633.5096311057158 
1085.6704743070932 452.70933118701817 
792.2806692699037 1040.1501917198696 
1268.8368242237414 279.8788055031696 
327.9350728966125 1015.9439413519309 
899.1429698120614 1403.591268461386 
1388.493440421239 1328.2712901099499 
44.96835320971471 167.5801981271589 
923.7869538608682 598.072080823787 
268.2339913120963 1023.0278120364063 
1180.4345954548087 1294.5741744863888 
625.9655975369288 1263.0003378864546 
881.0553698633598 1397.6032552049357 
788.0788148197855 1116.559489176718 
464.54259188844026 1322.4209149711123 
1076.5935129281472 1214.6540508282885 
418.08208495456375 1458.3635767579287 
1272.7107376367924 82.2853332444915 
987.7777643117819 1143.4329600710225 
524.1965700166327 27.956160248664098 
147.81754674992993 659.006466159863 
600.7090622732048 537.0020172627052 
374.9877722249107 449.49879538947914 
536.3369595432266 931.4733404789224 
1044.6813202147587 702.3831237639247 
915.9500479888111 200.909276870882 
1218.710391148302 813.3803607518284 
1159.8526683941857 1063.170364506949 
363.5804927748359 1210.017846831852 
104.92893129435183 909.9157962808492 
342.8700190215723 668.9074188669546 
8.934139599111713 1202.73045278201 
996.8793862543021 1165.6508914507099 
1299.9241482373914 56.46004086178896 
479.61662768297214 1481.7510906094817 
881.4770223966913 885.1417184284984 
97.64840190659679 1014.8102321869641 
663.4595222563341 705.4258923640797 
806.0203424436805 634.2435851732753 
1044.6802307374921 315.18962093083246 
1033.6539887174858 19.561273300704286 
408.53237426220903 1492.7312948970657 
22.313737848333957 937.352777751484 
939.371167048135 1184.8606264855237 
1461.4601588584335 774.635557018056 
656.6088426080439 370.8520582348057 
104.74167991016503 842.5560628519015 
1083.0639705864962 854.9843293233542 
774.2047725735532 1036.809610366131 
982.3592094589327 9.77858299895562 
341.11830567710757 172.64397585793628 
494.46249683821276 962.9468891022157 
249.125039703142 671.2384413077901 
1163.167607525355 1293.2348071513652 
117.14205419434998 707.6721268657295 
620.0523995301346 29.61987695177576 
1097.8791319673212 657.8308044541769 
1086.393885709388 1236.2539190381447 
929.0778779292698 1472.1917857818958 
1436.1035033043743 935.0766393055669 
629.506764661571 683.7397014356042 
783.8693394810284 237.53603681871226 
1048.1514893165158 1193.864135721139 
1290.4196336287023 794.4041244262025 
311.3261994042944 647.6609718951196 
179.79786956962042 1470.61454728015 
742.4598908751356 1198.0486753403766 
624.9589777940516 341.8224504355637 
1353.8059007347942 167.93895459179808 
705.449706969267 1109.6284361115156 
130.87327537502458 41.587725093615916 
353.12250309651813 413.58933415334354 
624.114787566516 590.8309528776764 
949.537511174298 170.34147872607275 
596.8957619793007 283.55177223116476 
510.69764351269174 957.7595484692389 
114.95254232591229 296.4272225370291 
551.779713978774 683.7371756978904 
192.5422181616286 58.85188228916222 
300.48326029765974 994.8663853692866 
138.62081852959295 106.39125411049966 
401.98958041050645 1289.0948984973586 
658.0762972878154 469.56211520150873 
571.4207390405189 804.4722370003752 
1379.7438751921163 1344.8597217821905 
1154.6030114024475 267.6293150793275 
1201.0895129535463 825.8007914215437 
636.9514990501737 1067.9123602457882 
895.2305454060445 189.73394967001167 
1126.6275481272482 842.89463962813 
